1628686574.646434113
joint[1]
-2.37937
joint[2]
-0.845251
joint[3]
2.09458
joint[4]
1.16287
joint[5]
2.33342
joint[6]
-2.31373
Trans_EndToBase:
   0.252884    0.771293    0.584087   -0.376847
   0.917621 0.000126838   -0.397457   -0.281565
   -0.30663    0.636481   -0.707722  -0.0631582
          0           0           0           1
Trans_lefttoright:
   -0.499603     0.500794     0.706825     0.173506
   -0.499202     0.500399    -0.707388    -0.173644
   -0.707951    -0.706262 -3.64532e-06    -0.244969
           0            0            0            1
matrix_ToBase:
  1   0   0   0
  0  -1   0   0
  0   0  -1 0.1
  0   0   0   1
matrix_camToBase:
  0.116464   0.064604  -0.991092   0.176132
 -0.549843   0.835206 -0.0101699  0.0817386
  0.827109   0.546129   0.132794  -0.120678
         0          0          0          1
1628686574.756904707
joint[1]
-2.37937
joint[2]
-0.845251
joint[3]
2.09458
joint[4]
1.16287
joint[5]
2.33342
joint[6]
-2.31373
Trans_EndToBase:
   0.252884    0.771293    0.584087   -0.376847
   0.917621 0.000126838   -0.397457   -0.281565
   -0.30663    0.636481   -0.707722  -0.0631582
          0           0           0           1
Trans_lefttoright:
   -0.499603     0.500794     0.706825     0.173506
   -0.499202     0.500399    -0.707388    -0.173644
   -0.707951    -0.706262 -3.64532e-06    -0.244969
           0            0            0            1
matrix_ToBase:
  1   0   0   0
  0  -1   0   0
  0   0  -1 0.1
  0   0   0   1
matrix_camToBase:
  0.116464   0.064604  -0.991092   0.176132
 -0.549843   0.835206 -0.0101699  0.0817386
  0.827109   0.546129   0.132794  -0.120678
         0          0          0          1
1628686574.837041119
joint[1]
-2.37937
joint[2]
-0.845251
joint[3]
2.09458
joint[4]
1.16287
joint[5]
2.33342
joint[6]
-2.31373
Trans_EndToBase:
   0.252884    0.771293    0.584087   -0.376847
   0.917621 0.000126838   -0.397457   -0.281565
   -0.30663    0.636481   -0.707722  -0.0631582
          0           0           0           1
Trans_lefttoright:
   -0.499603     0.500794     0.706825     0.173506
   -0.499202     0.500399    -0.707388    -0.173644
   -0.707951    -0.706262 -3.64532e-06    -0.244969
           0            0            0            1
matrix_ToBase:
  1   0   0   0
  0  -1   0   0
  0   0  -1 0.1
  0   0   0   1
matrix_camToBase:
  0.116464   0.064604  -0.991092   0.176132
 -0.549843   0.835206 -0.0101699  0.0817386
  0.827109   0.546129   0.132794  -0.120678
         0          0          0          1
1628686574.918789383
joint[1]
-2.37937
joint[2]
-0.845251
joint[3]
2.09458
joint[4]
1.16287
joint[5]
2.33342
joint[6]
-2.31373
Trans_EndToBase:
   0.252884    0.771293    0.584087   -0.376847
   0.917621 0.000126838   -0.397457   -0.281565
   -0.30663    0.636481   -0.707722  -0.0631582
          0           0           0           1
Trans_lefttoright:
   -0.499603     0.500794     0.706825     0.173506
   -0.499202     0.500399    -0.707388    -0.173644
   -0.707951    -0.706262 -3.64532e-06    -0.244969
           0            0            0            1
matrix_ToBase:
  1   0   0   0
  0  -1   0   0
  0   0  -1 0.1
  0   0   0   1
matrix_camToBase:
  0.116464   0.064604  -0.991092   0.176132
 -0.549843   0.835206 -0.0101699  0.0817386
  0.827109   0.546129   0.132794  -0.120678
         0          0          0          1
1628686574.997452140
joint[1]
-2.37937
joint[2]
-0.845251
joint[3]
2.09458
joint[4]
1.16287
joint[5]
2.33342
joint[6]
-2.31373
Trans_EndToBase:
   0.252884    0.771293    0.584087   -0.376847
   0.917621 0.000126838   -0.397457   -0.281565
   -0.30663    0.636481   -0.707722  -0.0631582
          0           0           0           1
Trans_lefttoright:
   -0.499603     0.500794     0.706825     0.173506
   -0.499202     0.500399    -0.707388    -0.173644
   -0.707951    -0.706262 -3.64532e-06    -0.244969
           0            0            0            1
matrix_ToBase:
  1   0   0   0
  0  -1   0   0
  0   0  -1 0.1
  0   0   0   1
matrix_camToBase:
  0.116464   0.064604  -0.991092   0.176132
 -0.549843   0.835206 -0.0101699  0.0817386
  0.827109   0.546129   0.132794  -0.120678
         0          0          0          1
1628686575.079254457
joint[1]
-2.37937
joint[2]
-0.845251
joint[3]
2.09458
joint[4]
1.16287
joint[5]
2.33342
joint[6]
-2.31373
Trans_EndToBase:
   0.252884    0.771293    0.584087   -0.376847
   0.917621 0.000126838   -0.397457   -0.281565
   -0.30663    0.636481   -0.707722  -0.0631582
          0           0           0           1
Trans_lefttoright:
   -0.499603     0.500794     0.706825     0.173506
   -0.499202     0.500399    -0.707388    -0.173644
   -0.707951    -0.706262 -3.64532e-06    -0.244969
           0            0            0            1
matrix_ToBase:
  1   0   0   0
  0  -1   0   0
  0   0  -1 0.1
  0   0   0   1
matrix_camToBase:
  0.116464   0.064604  -0.991092   0.176132
 -0.549843   0.835206 -0.0101699  0.0817386
  0.827109   0.546129   0.132794  -0.120678
         0          0          0          1
1628686575.156916172
joint[1]
-2.37937
joint[2]
-0.845251
joint[3]
2.09458
joint[4]
1.16287
joint[5]
2.33342
joint[6]
-2.31373
Trans_EndToBase:
   0.252884    0.771293    0.584087   -0.376847
   0.917621 0.000126838   -0.397457   -0.281565
   -0.30663    0.636481   -0.707722  -0.0631582
          0           0           0           1
Trans_lefttoright:
   -0.499603     0.500794     0.706825     0.173506
   -0.499202     0.500399    -0.707388    -0.173644
   -0.707951    -0.706262 -3.64532e-06    -0.244969
           0            0            0            1
matrix_ToBase:
  1   0   0   0
  0  -1   0   0
  0   0  -1 0.1
  0   0   0   1
matrix_camToBase:
  0.116464   0.064604  -0.991092   0.176132
 -0.549843   0.835206 -0.0101699  0.0817386
  0.827109   0.546129   0.132794  -0.120678
         0          0          0          1
1628686575.239179385
joint[1]
-2.37937
joint[2]
-0.845251
joint[3]
2.09458
joint[4]
1.16287
joint[5]
2.33342
joint[6]
-2.31373
Trans_EndToBase:
   0.252884    0.771293    0.584087   -0.376847
   0.917621 0.000126838   -0.397457   -0.281565
   -0.30663    0.636481   -0.707722  -0.0631582
          0           0           0           1
Trans_lefttoright:
   -0.499603     0.500794     0.706825     0.173506
   -0.499202     0.500399    -0.707388    -0.173644
   -0.707951    -0.706262 -3.64532e-06    -0.244969
           0            0            0            1
matrix_ToBase:
  1   0   0   0
  0  -1   0   0
  0   0  -1 0.1
  0   0   0   1
matrix_camToBase:
  0.116464   0.064604  -0.991092   0.176132
 -0.549843   0.835206 -0.0101699  0.0817386
  0.827109   0.546129   0.132794  -0.120678
         0          0          0          1
1628686575.348807581
joint[1]
-2.37937
joint[2]
-0.845251
joint[3]
2.09458
joint[4]
1.16287
joint[5]
2.33342
joint[6]
-2.31373
Trans_EndToBase:
   0.252884    0.771293    0.584087   -0.376847
   0.917621 0.000126838   -0.397457   -0.281565
   -0.30663    0.636481   -0.707722  -0.0631582
          0           0           0           1
Trans_lefttoright:
   -0.499603     0.500794     0.706825     0.173506
   -0.499202     0.500399    -0.707388    -0.173644
   -0.707951    -0.706262 -3.64532e-06    -0.244969
           0            0            0            1
matrix_ToBase:
  1   0   0   0
  0  -1   0   0
  0   0  -1 0.1
  0   0   0   1
matrix_camToBase:
  0.116464   0.064604  -0.991092   0.176132
 -0.549843   0.835206 -0.0101699  0.0817386
  0.827109   0.546129   0.132794  -0.120678
         0          0          0          1
1628686575.458774585
joint[1]
-2.37937
joint[2]
-0.845251
joint[3]
2.09458
joint[4]
1.16287
joint[5]
2.33342
joint[6]
-2.31373
Trans_EndToBase:
   0.252884    0.771293    0.584087   -0.376847
   0.917621 0.000126838   -0.397457   -0.281565
   -0.30663    0.636481   -0.707722  -0.0631582
          0           0           0           1
Trans_lefttoright:
   -0.499603     0.500794     0.706825     0.173506
   -0.499202     0.500399    -0.707388    -0.173644
   -0.707951    -0.706262 -3.64532e-06    -0.244969
           0            0            0            1
matrix_ToBase:
  1   0   0   0
  0  -1   0   0
  0   0  -1 0.1
  0   0   0   1
matrix_camToBase:
  0.116464   0.064604  -0.991092   0.176132
 -0.549843   0.835206 -0.0101699  0.0817386
  0.827109   0.546129   0.132794  -0.120678
         0          0          0          1
1628686575.598979336
joint[1]
-2.37937
joint[2]
-0.845251
joint[3]
2.09458
joint[4]
1.16287
joint[5]
2.33342
joint[6]
-2.31373
Trans_EndToBase:
   0.252884    0.771293    0.584087   -0.376847
   0.917621 0.000126838   -0.397457   -0.281565
   -0.30663    0.636481   -0.707722  -0.0631582
          0           0           0           1
Trans_lefttoright:
   -0.499603     0.500794     0.706825     0.173506
   -0.499202     0.500399    -0.707388    -0.173644
   -0.707951    -0.706262 -3.64532e-06    -0.244969
           0            0            0            1
matrix_ToBase:
  1   0   0   0
  0  -1   0   0
  0   0  -1 0.1
  0   0   0   1
matrix_camToBase:
  0.116464   0.064604  -0.991092   0.176132
 -0.549843   0.835206 -0.0101699  0.0817386
  0.827109   0.546129   0.132794  -0.120678
         0          0          0          1
1628686575.675313490
joint[1]
-2.37937
joint[2]
-0.845251
joint[3]
2.09458
joint[4]
1.16287
joint[5]
2.33342
joint[6]
-2.31373
Trans_EndToBase:
   0.252884    0.771293    0.584087   -0.376847
   0.917621 0.000126838   -0.397457   -0.281565
   -0.30663    0.636481   -0.707722  -0.0631582
          0           0           0           1
Trans_lefttoright:
   -0.499603     0.500794     0.706825     0.173506
   -0.499202     0.500399    -0.707388    -0.173644
   -0.707951    -0.706262 -3.64532e-06    -0.244969
           0            0            0            1
matrix_ToBase:
  1   0   0   0
  0  -1   0   0
  0   0  -1 0.1
  0   0   0   1
matrix_camToBase:
  0.116464   0.064604  -0.991092   0.176132
 -0.549843   0.835206 -0.0101699  0.0817386
  0.827109   0.546129   0.132794  -0.120678
         0          0          0          1
1628686575.756701403
joint[1]
-2.37937
joint[2]
-0.845251
joint[3]
2.09458
joint[4]
1.16287
joint[5]
2.33342
joint[6]
-2.31373
Trans_EndToBase:
   0.252884    0.771293    0.584087   -0.376847
   0.917621 0.000126838   -0.397457   -0.281565
   -0.30663    0.636481   -0.707722  -0.0631582
          0           0           0           1
Trans_lefttoright:
   -0.499603     0.500794     0.706825     0.173506
   -0.499202     0.500399    -0.707388    -0.173644
   -0.707951    -0.706262 -3.64532e-06    -0.244969
           0            0            0            1
matrix_ToBase:
  1   0   0   0
  0  -1   0   0
  0   0  -1 0.1
  0   0   0   1
matrix_camToBase:
  0.116464   0.064604  -0.991092   0.176132
 -0.549843   0.835206 -0.0101699  0.0817386
  0.827109   0.546129   0.132794  -0.120678
         0          0          0          1
1628686575.835568730
joint[1]
-2.37937
joint[2]
-0.845251
joint[3]
2.09458
joint[4]
1.16287
joint[5]
2.33342
joint[6]
-2.31373
Trans_EndToBase:
   0.252884    0.771293    0.584087   -0.376847
   0.917621 0.000126838   -0.397457   -0.281565
   -0.30663    0.636481   -0.707722  -0.0631582
          0           0           0           1
Trans_lefttoright:
   -0.499603     0.500794     0.706825     0.173506
   -0.499202     0.500399    -0.707388    -0.173644
   -0.707951    -0.706262 -3.64532e-06    -0.244969
           0            0            0            1
matrix_ToBase:
  1   0   0   0
  0  -1   0   0
  0   0  -1 0.1
  0   0   0   1
matrix_camToBase:
  0.116464   0.064604  -0.991092   0.176132
 -0.549843   0.835206 -0.0101699  0.0817386
  0.827109   0.546129   0.132794  -0.120678
         0          0          0          1
1628686575.918785891
joint[1]
-2.37937
joint[2]
-0.845251
joint[3]
2.09458
joint[4]
1.16287
joint[5]
2.33342
joint[6]
-2.31373
Trans_EndToBase:
   0.252884    0.771293    0.584087   -0.376847
   0.917621 0.000126838   -0.397457   -0.281565
   -0.30663    0.636481   -0.707722  -0.0631582
          0           0           0           1
Trans_lefttoright:
   -0.499603     0.500794     0.706825     0.173506
   -0.499202     0.500399    -0.707388    -0.173644
   -0.707951    -0.706262 -3.64532e-06    -0.244969
           0            0            0            1
matrix_ToBase:
  1   0   0   0
  0  -1   0   0
  0   0  -1 0.1
  0   0   0   1
matrix_camToBase:
  0.116464   0.064604  -0.991092   0.176132
 -0.549843   0.835206 -0.0101699  0.0817386
  0.827109   0.546129   0.132794  -0.120678
         0          0          0          1
1628686575.998794829
joint[1]
-2.37937
joint[2]
-0.845251
joint[3]
2.09458
joint[4]
1.16287
joint[5]
2.33342
joint[6]
-2.31373
Trans_EndToBase:
   0.252884    0.771293    0.584087   -0.376847
   0.917621 0.000126838   -0.397457   -0.281565
   -0.30663    0.636481   -0.707722  -0.0631582
          0           0           0           1
Trans_lefttoright:
   -0.499603     0.500794     0.706825     0.173506
   -0.499202     0.500399    -0.707388    -0.173644
   -0.707951    -0.706262 -3.64532e-06    -0.244969
           0            0            0            1
matrix_ToBase:
  1   0   0   0
  0  -1   0   0
  0   0  -1 0.1
  0   0   0   1
matrix_camToBase:
  0.116464   0.064604  -0.991092   0.176132
 -0.549843   0.835206 -0.0101699  0.0817386
  0.827109   0.546129   0.132794  -0.120678
         0          0          0          1
1628686576.076331959
joint[1]
-2.37937
joint[2]
-0.845251
joint[3]
2.09458
joint[4]
1.16287
joint[5]
2.33342
joint[6]
-2.31373
Trans_EndToBase:
   0.252884    0.771293    0.584087   -0.376847
   0.917621 0.000126838   -0.397457   -0.281565
   -0.30663    0.636481   -0.707722  -0.0631582
          0           0           0           1
Trans_lefttoright:
   -0.499603     0.500794     0.706825     0.173506
   -0.499202     0.500399    -0.707388    -0.173644
   -0.707951    -0.706262 -3.64532e-06    -0.244969
           0            0            0            1
matrix_ToBase:
  1   0   0   0
  0  -1   0   0
  0   0  -1 0.1
  0   0   0   1
matrix_camToBase:
  0.116464   0.064604  -0.991092   0.176132
 -0.549843   0.835206 -0.0101699  0.0817386
  0.827109   0.546129   0.132794  -0.120678
         0          0          0          1
1628686576.156445809
joint[1]
-2.37937
joint[2]
-0.845251
joint[3]
2.09458
joint[4]
1.16287
joint[5]
2.33342
joint[6]
-2.31373
Trans_EndToBase:
   0.252884    0.771293    0.584087   -0.376847
   0.917621 0.000126838   -0.397457   -0.281565
   -0.30663    0.636481   -0.707722  -0.0631582
          0           0           0           1
Trans_lefttoright:
   -0.499603     0.500794     0.706825     0.173506
   -0.499202     0.500399    -0.707388    -0.173644
   -0.707951    -0.706262 -3.64532e-06    -0.244969
           0            0            0            1
matrix_ToBase:
  1   0   0   0
  0  -1   0   0
  0   0  -1 0.1
  0   0   0   1
matrix_camToBase:
  0.116464   0.064604  -0.991092   0.176132
 -0.549843   0.835206 -0.0101699  0.0817386
  0.827109   0.546129   0.132794  -0.120678
         0          0          0          1
1628686576.237659115
joint[1]
-2.37937
joint[2]
-0.845251
joint[3]
2.09458
joint[4]
1.16287
joint[5]
2.33342
joint[6]
-2.31373
Trans_EndToBase:
   0.252884    0.771293    0.584087   -0.376847
   0.917621 0.000126838   -0.397457   -0.281565
   -0.30663    0.636481   -0.707722  -0.0631582
          0           0           0           1
Trans_lefttoright:
   -0.499603     0.500794     0.706825     0.173506
   -0.499202     0.500399    -0.707388    -0.173644
   -0.707951    -0.706262 -3.64532e-06    -0.244969
           0            0            0            1
matrix_ToBase:
  1   0   0   0
  0  -1   0   0
  0   0  -1 0.1
  0   0   0   1
matrix_camToBase:
  0.116464   0.064604  -0.991092   0.176132
 -0.549843   0.835206 -0.0101699  0.0817386
  0.827109   0.546129   0.132794  -0.120678
         0          0          0          1
1628686576.338613150
joint[1]
-2.37937
joint[2]
-0.845251
joint[3]
2.09458
joint[4]
1.16287
joint[5]
2.33342
joint[6]
-2.31373
Trans_EndToBase:
   0.252884    0.771293    0.584087   -0.376847
   0.917621 0.000126838   -0.397457   -0.281565
   -0.30663    0.636481   -0.707722  -0.0631582
          0           0           0           1
Trans_lefttoright:
   -0.499603     0.500794     0.706825     0.173506
   -0.499202     0.500399    -0.707388    -0.173644
   -0.707951    -0.706262 -3.64532e-06    -0.244969
           0            0            0            1
matrix_ToBase:
  1   0   0   0
  0  -1   0   0
  0   0  -1 0.1
  0   0   0   1
matrix_camToBase:
  0.116464   0.064604  -0.991092   0.176132
 -0.549843   0.835206 -0.0101699  0.0817386
  0.827109   0.546129   0.132794  -0.120678
         0          0          0          1
1628686576.426989817
joint[1]
-2.37937
joint[2]
-0.845251
joint[3]
2.09458
joint[4]
1.16287
joint[5]
2.33342
joint[6]
-2.31373
Trans_EndToBase:
   0.252884    0.771293    0.584087   -0.376847
   0.917621 0.000126838   -0.397457   -0.281565
   -0.30663    0.636481   -0.707722  -0.0631582
          0           0           0           1
Trans_lefttoright:
   -0.499603     0.500794     0.706825     0.173506
   -0.499202     0.500399    -0.707388    -0.173644
   -0.707951    -0.706262 -3.64532e-06    -0.244969
           0            0            0            1
matrix_ToBase:
  1   0   0   0
  0  -1   0   0
  0   0  -1 0.1
  0   0   0   1
matrix_camToBase:
  0.116464   0.064604  -0.991092   0.176132
 -0.549843   0.835206 -0.0101699  0.0817386
  0.827109   0.546129   0.132794  -0.120678
         0          0          0          1
1628686576.517374848
joint[1]
-2.37937
joint[2]
-0.845251
joint[3]
2.09458
joint[4]
1.16287
joint[5]
2.33342
joint[6]
-2.31373
Trans_EndToBase:
   0.252884    0.771293    0.584087   -0.376847
   0.917621 0.000126838   -0.397457   -0.281565
   -0.30663    0.636481   -0.707722  -0.0631582
          0           0           0           1
Trans_lefttoright:
   -0.499603     0.500794     0.706825     0.173506
   -0.499202     0.500399    -0.707388    -0.173644
   -0.707951    -0.706262 -3.64532e-06    -0.244969
           0            0            0            1
matrix_ToBase:
  1   0   0   0
  0  -1   0   0
  0   0  -1 0.1
  0   0   0   1
matrix_camToBase:
  0.116464   0.064604  -0.991092   0.176132
 -0.549843   0.835206 -0.0101699  0.0817386
  0.827109   0.546129   0.132794  -0.120678
         0          0          0          1
1628686576.668732613
joint[1]
-2.37937
joint[2]
-0.845251
joint[3]
2.09458
joint[4]
1.16287
joint[5]
2.33342
joint[6]
-2.31373
Trans_EndToBase:
   0.252884    0.771293    0.584087   -0.376847
   0.917621 0.000126838   -0.397457   -0.281565
   -0.30663    0.636481   -0.707722  -0.0631582
          0           0           0           1
Trans_lefttoright:
   -0.499603     0.500794     0.706825     0.173506
   -0.499202     0.500399    -0.707388    -0.173644
   -0.707951    -0.706262 -3.64532e-06    -0.244969
           0            0            0            1
matrix_ToBase:
  1   0   0   0
  0  -1   0   0
  0   0  -1 0.1
  0   0   0   1
matrix_camToBase:
  0.116464   0.064604  -0.991092   0.176132
 -0.549843   0.835206 -0.0101699  0.0817386
  0.827109   0.546129   0.132794  -0.120678
         0          0          0          1
1628686576.758711554
joint[1]
-2.37937
joint[2]
-0.845251
joint[3]
2.09458
joint[4]
1.16287
joint[5]
2.33342
joint[6]
-2.31373
Trans_EndToBase:
   0.252884    0.771293    0.584087   -0.376847
   0.917621 0.000126838   -0.397457   -0.281565
   -0.30663    0.636481   -0.707722  -0.0631582
          0           0           0           1
Trans_lefttoright:
   -0.499603     0.500794     0.706825     0.173506
   -0.499202     0.500399    -0.707388    -0.173644
   -0.707951    -0.706262 -3.64532e-06    -0.244969
           0            0            0            1
matrix_ToBase:
  1   0   0   0
  0  -1   0   0
  0   0  -1 0.1
  0   0   0   1
matrix_camToBase:
  0.116464   0.064604  -0.991092   0.176132
 -0.549843   0.835206 -0.0101699  0.0817386
  0.827109   0.546129   0.132794  -0.120678
         0          0          0          1
1628686576.848860925
joint[1]
-2.37937
joint[2]
-0.845251
joint[3]
2.09458
joint[4]
1.16287
joint[5]
2.33342
joint[6]
-2.31373
Trans_EndToBase:
   0.252884    0.771293    0.584087   -0.376847
   0.917621 0.000126838   -0.397457   -0.281565
   -0.30663    0.636481   -0.707722  -0.0631582
          0           0           0           1
Trans_lefttoright:
   -0.499603     0.500794     0.706825     0.173506
   -0.499202     0.500399    -0.707388    -0.173644
   -0.707951    -0.706262 -3.64532e-06    -0.244969
           0            0            0            1
matrix_ToBase:
  1   0   0   0
  0  -1   0   0
  0   0  -1 0.1
  0   0   0   1
matrix_camToBase:
  0.116464   0.064604  -0.991092   0.176132
 -0.549843   0.835206 -0.0101699  0.0817386
  0.827109   0.546129   0.132794  -0.120678
         0          0          0          1
1628686576.931836969
joint[1]
-2.37937
joint[2]
-0.845251
joint[3]
2.09458
joint[4]
1.16287
joint[5]
2.33342
joint[6]
-2.31373
Trans_EndToBase:
   0.252884    0.771293    0.584087   -0.376847
   0.917621 0.000126838   -0.397457   -0.281565
   -0.30663    0.636481   -0.707722  -0.0631582
          0           0           0           1
Trans_lefttoright:
   -0.499603     0.500794     0.706825     0.173506
   -0.499202     0.500399    -0.707388    -0.173644
   -0.707951    -0.706262 -3.64532e-06    -0.244969
           0            0            0            1
matrix_ToBase:
  1   0   0   0
  0  -1   0   0
  0   0  -1 0.1
  0   0   0   1
matrix_camToBase:
  0.116464   0.064604  -0.991092   0.176132
 -0.549843   0.835206 -0.0101699  0.0817386
  0.827109   0.546129   0.132794  -0.120678
         0          0          0          1
1628686577.018836434
joint[1]
-2.37937
joint[2]
-0.845251
joint[3]
2.09458
joint[4]
1.16287
joint[5]
2.33342
joint[6]
-2.31373
Trans_EndToBase:
   0.252884    0.771293    0.584087   -0.376847
   0.917621 0.000126838   -0.397457   -0.281565
   -0.30663    0.636481   -0.707722  -0.0631582
          0           0           0           1
Trans_lefttoright:
   -0.499603     0.500794     0.706825     0.173506
   -0.499202     0.500399    -0.707388    -0.173644
   -0.707951    -0.706262 -3.64532e-06    -0.244969
           0            0            0            1
matrix_ToBase:
  1   0   0   0
  0  -1   0   0
  0   0  -1 0.1
  0   0   0   1
matrix_camToBase:
  0.116464   0.064604  -0.991092   0.176132
 -0.549843   0.835206 -0.0101699  0.0817386
  0.827109   0.546129   0.132794  -0.120678
         0          0          0          1
1628686577.108801108
joint[1]
-2.37937
joint[2]
-0.845251
joint[3]
2.09458
joint[4]
1.16287
joint[5]
2.33342
joint[6]
-2.31373
Trans_EndToBase:
   0.252884    0.771293    0.584087   -0.376847
   0.917621 0.000126838   -0.397457   -0.281565
   -0.30663    0.636481   -0.707722  -0.0631582
          0           0           0           1
Trans_lefttoright:
   -0.499603     0.500794     0.706825     0.173506
   -0.499202     0.500399    -0.707388    -0.173644
   -0.707951    -0.706262 -3.64532e-06    -0.244969
           0            0            0            1
matrix_ToBase:
  1   0   0   0
  0  -1   0   0
  0   0  -1 0.1
  0   0   0   1
matrix_camToBase:
  0.116464   0.064604  -0.991092   0.176132
 -0.549843   0.835206 -0.0101699  0.0817386
  0.827109   0.546129   0.132794  -0.120678
         0          0          0          1
1628686577.189906770
joint[1]
-2.37937
joint[2]
-0.845251
joint[3]
2.09458
joint[4]
1.16287
joint[5]
2.33342
joint[6]
-2.31373
Trans_EndToBase:
   0.252884    0.771293    0.584087   -0.376847
   0.917621 0.000126838   -0.397457   -0.281565
   -0.30663    0.636481   -0.707722  -0.0631582
          0           0           0           1
Trans_lefttoright:
   -0.499603     0.500794     0.706825     0.173506
   -0.499202     0.500399    -0.707388    -0.173644
   -0.707951    -0.706262 -3.64532e-06    -0.244969
           0            0            0            1
matrix_ToBase:
  1   0   0   0
  0  -1   0   0
  0   0  -1 0.1
  0   0   0   1
matrix_camToBase:
  0.116464   0.064604  -0.991092   0.176132
 -0.549843   0.835206 -0.0101699  0.0817386
  0.827109   0.546129   0.132794  -0.120678
         0          0          0          1
1628686577.338678711
joint[1]
-2.37937
joint[2]
-0.845251
joint[3]
2.09458
joint[4]
1.16287
joint[5]
2.33342
joint[6]
-2.31373
Trans_EndToBase:
   0.252884    0.771293    0.584087   -0.376847
   0.917621 0.000126838   -0.397457   -0.281565
   -0.30663    0.636481   -0.707722  -0.0631582
          0           0           0           1
Trans_lefttoright:
   -0.499603     0.500794     0.706825     0.173506
   -0.499202     0.500399    -0.707388    -0.173644
   -0.707951    -0.706262 -3.64532e-06    -0.244969
           0            0            0            1
matrix_ToBase:
  1   0   0   0
  0  -1   0   0
  0   0  -1 0.1
  0   0   0   1
matrix_camToBase:
  0.116464   0.064604  -0.991092   0.176132
 -0.549843   0.835206 -0.0101699  0.0817386
  0.827109   0.546129   0.132794  -0.120678
         0          0          0          1
1628686577.416328600
joint[1]
-2.37937
joint[2]
-0.845251
joint[3]
2.09458
joint[4]
1.16287
joint[5]
2.33342
joint[6]
-2.31373
Trans_EndToBase:
   0.252884    0.771293    0.584087   -0.376847
   0.917621 0.000126838   -0.397457   -0.281565
   -0.30663    0.636481   -0.707722  -0.0631582
          0           0           0           1
Trans_lefttoright:
   -0.499603     0.500794     0.706825     0.173506
   -0.499202     0.500399    -0.707388    -0.173644
   -0.707951    -0.706262 -3.64532e-06    -0.244969
           0            0            0            1
matrix_ToBase:
  1   0   0   0
  0  -1   0   0
  0   0  -1 0.1
  0   0   0   1
matrix_camToBase:
  0.116464   0.064604  -0.991092   0.176132
 -0.549843   0.835206 -0.0101699  0.0817386
  0.827109   0.546129   0.132794  -0.120678
         0          0          0          1
1628686577.498967962
joint[1]
-2.37937
joint[2]
-0.845251
joint[3]
2.09458
joint[4]
1.16287
joint[5]
2.33342
joint[6]
-2.31373
Trans_EndToBase:
   0.252884    0.771293    0.584087   -0.376847
   0.917621 0.000126838   -0.397457   -0.281565
   -0.30663    0.636481   -0.707722  -0.0631582
          0           0           0           1
Trans_lefttoright:
   -0.499603     0.500794     0.706825     0.173506
   -0.499202     0.500399    -0.707388    -0.173644
   -0.707951    -0.706262 -3.64532e-06    -0.244969
           0            0            0            1
matrix_ToBase:
  1   0   0   0
  0  -1   0   0
  0   0  -1 0.1
  0   0   0   1
matrix_camToBase:
  0.116464   0.064604  -0.991092   0.176132
 -0.549843   0.835206 -0.0101699  0.0817386
  0.827109   0.546129   0.132794  -0.120678
         0          0          0          1
1628686577.578036948
joint[1]
-2.37937
joint[2]
-0.845251
joint[3]
2.09458
joint[4]
1.16287
joint[5]
2.33342
joint[6]
-2.31373
Trans_EndToBase:
   0.252884    0.771293    0.584087   -0.376847
   0.917621 0.000126838   -0.397457   -0.281565
   -0.30663    0.636481   -0.707722  -0.0631582
          0           0           0           1
Trans_lefttoright:
   -0.499603     0.500794     0.706825     0.173506
   -0.499202     0.500399    -0.707388    -0.173644
   -0.707951    -0.706262 -3.64532e-06    -0.244969
           0            0            0            1
matrix_ToBase:
  1   0   0   0
  0  -1   0   0
  0   0  -1 0.1
  0   0   0   1
matrix_camToBase:
  0.116464   0.064604  -0.991092   0.176132
 -0.549843   0.835206 -0.0101699  0.0817386
  0.827109   0.546129   0.132794  -0.120678
         0          0          0          1
1628686577.658880818
joint[1]
-2.37937
joint[2]
-0.845251
joint[3]
2.09458
joint[4]
1.16287
joint[5]
2.33342
joint[6]
-2.31373
Trans_EndToBase:
   0.252884    0.771293    0.584087   -0.376847
   0.917621 0.000126838   -0.397457   -0.281565
   -0.30663    0.636481   -0.707722  -0.0631582
          0           0           0           1
Trans_lefttoright:
   -0.499603     0.500794     0.706825     0.173506
   -0.499202     0.500399    -0.707388    -0.173644
   -0.707951    -0.706262 -3.64532e-06    -0.244969
           0            0            0            1
matrix_ToBase:
  1   0   0   0
  0  -1   0   0
  0   0  -1 0.1
  0   0   0   1
matrix_camToBase:
  0.116464   0.064604  -0.991092   0.176132
 -0.549843   0.835206 -0.0101699  0.0817386
  0.827109   0.546129   0.132794  -0.120678
         0          0          0          1
1628686577.737974449
joint[1]
-2.37937
joint[2]
-0.845251
joint[3]
2.09458
joint[4]
1.16287
joint[5]
2.33342
joint[6]
-2.31373
Trans_EndToBase:
   0.252884    0.771293    0.584087   -0.376847
   0.917621 0.000126838   -0.397457   -0.281565
   -0.30663    0.636481   -0.707722  -0.0631582
          0           0           0           1
Trans_lefttoright:
   -0.499603     0.500794     0.706825     0.173506
   -0.499202     0.500399    -0.707388    -0.173644
   -0.707951    -0.706262 -3.64532e-06    -0.244969
           0            0            0            1
matrix_ToBase:
  1   0   0   0
  0  -1   0   0
  0   0  -1 0.1
  0   0   0   1
matrix_camToBase:
  0.116464   0.064604  -0.991092   0.176132
 -0.549843   0.835206 -0.0101699  0.0817386
  0.827109   0.546129   0.132794  -0.120678
         0          0          0          1
1628686577.817354748
joint[1]
-2.37937
joint[2]
-0.845251
joint[3]
2.09458
joint[4]
1.16287
joint[5]
2.33342
joint[6]
-2.31373
Trans_EndToBase:
   0.252884    0.771293    0.584087   -0.376847
   0.917621 0.000126838   -0.397457   -0.281565
   -0.30663    0.636481   -0.707722  -0.0631582
          0           0           0           1
Trans_lefttoright:
   -0.499603     0.500794     0.706825     0.173506
   -0.499202     0.500399    -0.707388    -0.173644
   -0.707951    -0.706262 -3.64532e-06    -0.244969
           0            0            0            1
matrix_ToBase:
  1   0   0   0
  0  -1   0   0
  0   0  -1 0.1
  0   0   0   1
matrix_camToBase:
  0.116464   0.064604  -0.991092   0.176132
 -0.549843   0.835206 -0.0101699  0.0817386
  0.827109   0.546129   0.132794  -0.120678
         0          0          0          1
1628686577.899119357
joint[1]
-2.37937
joint[2]
-0.845251
joint[3]
2.09458
joint[4]
1.16287
joint[5]
2.33342
joint[6]
-2.31373
Trans_EndToBase:
   0.252884    0.771293    0.584087   -0.376847
   0.917621 0.000126838   -0.397457   -0.281565
   -0.30663    0.636481   -0.707722  -0.0631582
          0           0           0           1
Trans_lefttoright:
   -0.499603     0.500794     0.706825     0.173506
   -0.499202     0.500399    -0.707388    -0.173644
   -0.707951    -0.706262 -3.64532e-06    -0.244969
           0            0            0            1
matrix_ToBase:
  1   0   0   0
  0  -1   0   0
  0   0  -1 0.1
  0   0   0   1
matrix_camToBase:
  0.116464   0.064604  -0.991092   0.176132
 -0.549843   0.835206 -0.0101699  0.0817386
  0.827109   0.546129   0.132794  -0.120678
         0          0          0          1
1628686577.988997377
joint[1]
-2.37937
joint[2]
-0.845251
joint[3]
2.09458
joint[4]
1.16287
joint[5]
2.33342
joint[6]
-2.31373
Trans_EndToBase:
   0.252884    0.771293    0.584087   -0.376847
   0.917621 0.000126838   -0.397457   -0.281565
   -0.30663    0.636481   -0.707722  -0.0631582
          0           0           0           1
Trans_lefttoright:
   -0.499603     0.500794     0.706825     0.173506
   -0.499202     0.500399    -0.707388    -0.173644
   -0.707951    -0.706262 -3.64532e-06    -0.244969
           0            0            0            1
matrix_ToBase:
  1   0   0   0
  0  -1   0   0
  0   0  -1 0.1
  0   0   0   1
matrix_camToBase:
  0.116464   0.064604  -0.991092   0.176132
 -0.549843   0.835206 -0.0101699  0.0817386
  0.827109   0.546129   0.132794  -0.120678
         0          0          0          1
1628686578.068945134
joint[1]
-2.37937
joint[2]
-0.845251
joint[3]
2.09458
joint[4]
1.16287
joint[5]
2.33342
joint[6]
-2.31373
Trans_EndToBase:
   0.252884    0.771293    0.584087   -0.376847
   0.917621 0.000126838   -0.397457   -0.281565
   -0.30663    0.636481   -0.707722  -0.0631582
          0           0           0           1
Trans_lefttoright:
   -0.499603     0.500794     0.706825     0.173506
   -0.499202     0.500399    -0.707388    -0.173644
   -0.707951    -0.706262 -3.64532e-06    -0.244969
           0            0            0            1
matrix_ToBase:
  1   0   0   0
  0  -1   0   0
  0   0  -1 0.1
  0   0   0   1
matrix_camToBase:
  0.116464   0.064604  -0.991092   0.176132
 -0.549843   0.835206 -0.0101699  0.0817386
  0.827109   0.546129   0.132794  -0.120678
         0          0          0          1
1628686578.149303653
joint[1]
-2.37937
joint[2]
-0.845251
joint[3]
2.09458
joint[4]
1.16287
joint[5]
2.33342
joint[6]
-2.31373
Trans_EndToBase:
   0.252884    0.771293    0.584087   -0.376847
   0.917621 0.000126838   -0.397457   -0.281565
   -0.30663    0.636481   -0.707722  -0.0631582
          0           0           0           1
Trans_lefttoright:
   -0.499603     0.500794     0.706825     0.173506
   -0.499202     0.500399    -0.707388    -0.173644
   -0.707951    -0.706262 -3.64532e-06    -0.244969
           0            0            0            1
matrix_ToBase:
  1   0   0   0
  0  -1   0   0
  0   0  -1 0.1
  0   0   0   1
matrix_camToBase:
  0.116464   0.064604  -0.991092   0.176132
 -0.549843   0.835206 -0.0101699  0.0817386
  0.827109   0.546129   0.132794  -0.120678
         0          0          0          1
1628686578.238416649
joint[1]
-2.37937
joint[2]
-0.845251
joint[3]
2.09458
joint[4]
1.16287
joint[5]
2.33342
joint[6]
-2.31373
Trans_EndToBase:
   0.252884    0.771293    0.584087   -0.376847
   0.917621 0.000126838   -0.397457   -0.281565
   -0.30663    0.636481   -0.707722  -0.0631582
          0           0           0           1
Trans_lefttoright:
   -0.499603     0.500794     0.706825     0.173506
   -0.499202     0.500399    -0.707388    -0.173644
   -0.707951    -0.706262 -3.64532e-06    -0.244969
           0            0            0            1
matrix_ToBase:
  1   0   0   0
  0  -1   0   0
  0   0  -1 0.1
  0   0   0   1
matrix_camToBase:
  0.116464   0.064604  -0.991092   0.176132
 -0.549843   0.835206 -0.0101699  0.0817386
  0.827109   0.546129   0.132794  -0.120678
         0          0          0          1
1628686578.318090776
joint[1]
-2.37937
joint[2]
-0.845251
joint[3]
2.09458
joint[4]
1.16287
joint[5]
2.33342
joint[6]
-2.31373
Trans_EndToBase:
   0.252884    0.771293    0.584087   -0.376847
   0.917621 0.000126838   -0.397457   -0.281565
   -0.30663    0.636481   -0.707722  -0.0631582
          0           0           0           1
Trans_lefttoright:
   -0.499603     0.500794     0.706825     0.173506
   -0.499202     0.500399    -0.707388    -0.173644
   -0.707951    -0.706262 -3.64532e-06    -0.244969
           0            0            0            1
matrix_ToBase:
  1   0   0   0
  0  -1   0   0
  0   0  -1 0.1
  0   0   0   1
matrix_camToBase:
  0.116464   0.064604  -0.991092   0.176132
 -0.549843   0.835206 -0.0101699  0.0817386
  0.827109   0.546129   0.132794  -0.120678
         0          0          0          1
1628686578.408906432
joint[1]
-2.37937
joint[2]
-0.845251
joint[3]
2.09458
joint[4]
1.16287
joint[5]
2.33342
joint[6]
-2.31373
Trans_EndToBase:
   0.252884    0.771293    0.584087   -0.376847
   0.917621 0.000126838   -0.397457   -0.281565
   -0.30663    0.636481   -0.707722  -0.0631582
          0           0           0           1
Trans_lefttoright:
   -0.499603     0.500794     0.706825     0.173506
   -0.499202     0.500399    -0.707388    -0.173644
   -0.707951    -0.706262 -3.64532e-06    -0.244969
           0            0            0            1
matrix_ToBase:
  1   0   0   0
  0  -1   0   0
  0   0  -1 0.1
  0   0   0   1
matrix_camToBase:
  0.116464   0.064604  -0.991092   0.176132
 -0.549843   0.835206 -0.0101699  0.0817386
  0.827109   0.546129   0.132794  -0.120678
         0          0          0          1
1628686578.485584898
joint[1]
-2.37937
joint[2]
-0.845251
joint[3]
2.09458
joint[4]
1.16287
joint[5]
2.33342
joint[6]
-2.31373
Trans_EndToBase:
   0.252884    0.771293    0.584087   -0.376847
   0.917621 0.000126838   -0.397457   -0.281565
   -0.30663    0.636481   -0.707722  -0.0631582
          0           0           0           1
Trans_lefttoright:
   -0.499603     0.500794     0.706825     0.173506
   -0.499202     0.500399    -0.707388    -0.173644
   -0.707951    -0.706262 -3.64532e-06    -0.244969
           0            0            0            1
matrix_ToBase:
  1   0   0   0
  0  -1   0   0
  0   0  -1 0.1
  0   0   0   1
matrix_camToBase:
  0.116464   0.064604  -0.991092   0.176132
 -0.549843   0.835206 -0.0101699  0.0817386
  0.827109   0.546129   0.132794  -0.120678
         0          0          0          1
1628686578.596474808
joint[1]
-2.37937
joint[2]
-0.845251
joint[3]
2.09458
joint[4]
1.16287
joint[5]
2.33342
joint[6]
-2.31373
Trans_EndToBase:
   0.252884    0.771293    0.584087   -0.376847
   0.917621 0.000126838   -0.397457   -0.281565
   -0.30663    0.636481   -0.707722  -0.0631582
          0           0           0           1
Trans_lefttoright:
   -0.499603     0.500794     0.706825     0.173506
   -0.499202     0.500399    -0.707388    -0.173644
   -0.707951    -0.706262 -3.64532e-06    -0.244969
           0            0            0            1
matrix_ToBase:
  1   0   0   0
  0  -1   0   0
  0   0  -1 0.1
  0   0   0   1
matrix_camToBase:
  0.116464   0.064604  -0.991092   0.176132
 -0.549843   0.835206 -0.0101699  0.0817386
  0.827109   0.546129   0.132794  -0.120678
         0          0          0          1
1628686578.706410526
joint[1]
-2.37937
joint[2]
-0.845251
joint[3]
2.09458
joint[4]
1.16287
joint[5]
2.33342
joint[6]
-2.31373
Trans_EndToBase:
   0.252884    0.771293    0.584087   -0.376847
   0.917621 0.000126838   -0.397457   -0.281565
   -0.30663    0.636481   -0.707722  -0.0631582
          0           0           0           1
Trans_lefttoright:
   -0.499603     0.500794     0.706825     0.173506
   -0.499202     0.500399    -0.707388    -0.173644
   -0.707951    -0.706262 -3.64532e-06    -0.244969
           0            0            0            1
matrix_ToBase:
  1   0   0   0
  0  -1   0   0
  0   0  -1 0.1
  0   0   0   1
matrix_camToBase:
  0.116464   0.064604  -0.991092   0.176132
 -0.549843   0.835206 -0.0101699  0.0817386
  0.827109   0.546129   0.132794  -0.120678
         0          0          0          1
1628686578.816601253
joint[1]
-2.37937
joint[2]
-0.845251
joint[3]
2.09458
joint[4]
1.16287
joint[5]
2.33342
joint[6]
-2.31373
Trans_EndToBase:
   0.252884    0.771293    0.584087   -0.376847
   0.917621 0.000126838   -0.397457   -0.281565
   -0.30663    0.636481   -0.707722  -0.0631582
          0           0           0           1
Trans_lefttoright:
   -0.499603     0.500794     0.706825     0.173506
   -0.499202     0.500399    -0.707388    -0.173644
   -0.707951    -0.706262 -3.64532e-06    -0.244969
           0            0            0            1
matrix_ToBase:
  1   0   0   0
  0  -1   0   0
  0   0  -1 0.1
  0   0   0   1
matrix_camToBase:
  0.116464   0.064604  -0.991092   0.176132
 -0.549843   0.835206 -0.0101699  0.0817386
  0.827109   0.546129   0.132794  -0.120678
         0          0          0          1
1628686578.898710565
joint[1]
-2.37937
joint[2]
-0.845251
joint[3]
2.09458
joint[4]
1.16287
joint[5]
2.33342
joint[6]
-2.31373
Trans_EndToBase:
   0.252884    0.771293    0.584087   -0.376847
   0.917621 0.000126838   -0.397457   -0.281565
   -0.30663    0.636481   -0.707722  -0.0631582
          0           0           0           1
Trans_lefttoright:
   -0.499603     0.500794     0.706825     0.173506
   -0.499202     0.500399    -0.707388    -0.173644
   -0.707951    -0.706262 -3.64532e-06    -0.244969
           0            0            0            1
matrix_ToBase:
  1   0   0   0
  0  -1   0   0
  0   0  -1 0.1
  0   0   0   1
matrix_camToBase:
  0.116464   0.064604  -0.991092   0.176132
